1698244573196191072, 1698244573196174145, 1698244573177708000, 1698244573231618496, 1698244573180958592, 1715697726.351335889
1698244573696512699, 1698244573696495533, 1698244573777538000, 1698244573730308448, 1698244573793919200, 1715697726.356283940
1698244580401247740, 1698244580434588909, 1698244580378171000, 1698244580470103040, 1698244580390502016, 1715697726.593640016
1698244580768185377, 1698244580734810829, 1698244580778211000, 1698244580730181632, 1698244580794342272, 1715697726.597736139
1698244581969036818, 1698244582002375126, 1698244581978041000, 1698244581971541056, 1698244581986994144, 1715697726.604571424
1698244583436712742, 1698244583470052719, 1698244583478042000, 1698244583471593280, 1698244583391596768, 1715697726.612539785
1698244584003797293, 1698244583937063217, 1698244583977927000, 1698244583971715392, 1698244583987440832, 1715697726.616189813
1698244586238711119, 1698244586205335855, 1698244586277599000, 1698244586230854368, 1698244586194513920, 1715697726.626628817
1698244588206790447, 1698244588240132093, 1698244588277482000, 1698244588229922880, 1698244588194340224, 1715697726.656125620
1698244589374287605, 1698244589407626629, 1698244589377462000, 1698244589471419904, 1698244589391629984, 1715697726.713828560
1698244593010278463, 1698244592943556547, 1698244592978422000, 1698244592971517184, 1698244592987722592, 1715697726.904836294
1698244593477210045, 1698244593443840742, 1698244593478416000, 1698244593471491680, 1698244593391015776, 1715697726.908995688
1698244606986035109, 1698244606952658176, 1698244606976767000, 1698244606970909408, 1698244606986019232, 1715697727.574955642
1698244608954158068, 1698244608954140902, 1698244608976716000, 1698244608971276992, 1698244608986442048, 1715697727.636514066
1698244616225859642, 1698244616259198904, 1698244616277141000, 1698244616230709952, 1698244616178143456, 1715697728.124138415
1698244617693571329, 1698244617726910830, 1698244617776965000, 1698244617730057344, 1698244617778215456, 1715697728.211692608
1698244624998728514, 1698244624998711348, 1698244624974914000, 1698244624970081024, 1698244624985158944, 1715697728.633694216
1698244625465703726, 1698244625398976088, 1698244625376244000, 1698244625469033888, 1698244625389260480, 1715697728.675397971
1698244625732545614, 1698244625732528925, 1698244625776160000, 1698244625728534208, 1698244625792778432, 1715697728.677858918
1698244626399637461, 1698244626466329336, 1698244626476105000, 1698244626469888096, 1698244626389621024, 1715697728.714083219
1698244633471066952, 1698244633404336929, 1698244633375364000, 1698244633469410944, 1698244633389055808, 1715697728.741397214
1698244638741396666, 1698244638708022594, 1698244638775046000, 1698244638730250688, 1698244638778329952, 1715697728.764741435
1698244641710085630, 1698244641710068703, 1698244641776443000, 1698244641727493376, 1698244641791334208, 1715697728.778918163
1698244642177070379, 1698244642177053213, 1698244642176438000, 1698244642218536480, 1698244642192416576, 1715697728.782327876
1698244642410562277, 1698244642443901300, 1698244642476181000, 1698244642470958720, 1698244642377745312, 1715697728.785642501
1698244646012973785, 1698244646012956858, 1698244645975680000, 1698244645967533088, 1698244645983962624, 1715697728.800736661
1698244653184649706, 1698244653251344204, 1698244653273257000, 1698244653229271040, 1698244653177062880, 1715697728.828117559
1698244655052629709, 1698244655019253492, 1698244654974464000, 1698244654968400288, 1698244654984769376, 1715697728.835700530
1698244662957987070, 1698244662957970142, 1698244662974920000, 1698244662967272352, 1698244662983295552, 1715697728.865093160
1698244666994224548, 1698244667027564049, 1698244666974569000, 1698244666968363168, 1698244666984166592, 1715697728.882458814
1698244678271712065, 1698244678238352537, 1698244678274719000, 1698244678229594784, 1698244678176161472, 1715697728.929230723
1698244680438791513, 1698244680438774586, 1698244680474826000, 1698244680467711200, 1698244680386268448, 1715697728.938568898
1698244686173222303, 1698244686139861584, 1698244686174113000, 1698244686225829920, 1698244686174836160, 1715697728.961177962
1698244688140447855, 1698244688173775434, 1698244688174365000, 1698244688225824000, 1698244688174872160, 1715697728.969701442
1698244693712532759, 1698244693745872498, 1698244693773195000, 1698244693725665664, 1698244693789256672, 1715697729.231434094
1698244694379697323, 1698244694446397781, 1698244694473068000, 1698244694468262304, 1698244694388697888, 1715697729.275687739
1698244702985612154, 1698244702985595226, 1698244702974822000, 1698244702965610944, 1698244702981109312, 1715697729.790070487
1698244703719444752, 1698244703719428062, 1698244703773484000, 1698244703727126944, 1698244703775427872, 1715697729.827657274
1698244704386541605, 1698244704386524439, 1698244704473359000, 1698244704465730528, 1698244704385312800, 1715697729.876503776
1698244713025785923, 1698244712959056616, 1698244712972445000, 1698244712965770976, 1698244712980879712, 1715697729.992266089
1698244714460068226, 1698244714393342495, 1698244714472292000, 1698244714466575456, 1698244714385100192, 1715697729.998813799
1698244716394663811, 1698244716394646883, 1698244716473473000, 1698244716465749120, 1698244716384119040, 1715697730.007159084
1698244717128522158, 1698244717161863804, 1698244717172159000, 1698244717227654880, 1698244717175578272, 1715697730.012559603
1698244732205452681, 1698244732272146225, 1698244732271799000, 1698244732225177248, 1698244732188204032, 1715697730.073531322
1698244744981098890, 1698244744981081724, 1698244744971925000, 1698244744964532992, 1698244744980667296, 1715697730.121971968
1698244746915829659, 1698244746982527018, 1698244746970308000, 1698244746966029888, 1698244746981362176, 1715697730.129655012
1698244753186703444, 1698244753186686516, 1698244753271207000, 1698244753223334688, 1698244753173083712, 1715697730.155294932
1698244756055267334, 1698244755988538027, 1698244755970688000, 1698244755965870688, 1698244755982139232, 1715697730.169779548
1698244759991533518, 1698244760058226347, 1698244759971601000, 1698244759964832768, 1698244759980298976, 1715697730.188485961
1698244761959555864, 1698244762026255131, 1698244761970141000, 1698244761963907264, 1698244761979957024, 1715697730.196954246
1698244763393927336, 1698244763427266359, 1698244763469933000, 1698244763462640448, 1698244763382590368, 1715697730.204849179
1698244770031756878, 1698244769998384476, 1698244769970599000, 1698244769964179808, 1698244769979429152, 1715697730.230140178
1698244770798928976, 1698244770732201338, 1698244770770554000, 1698244770714347776, 1698244770778330464, 1715697730.236402086
1698244772199811459, 1698244772233148813, 1698244772170384000, 1698244772221802016, 1698244772171137984, 1715697730.243148880
1698244774267814398, 1698244774201086760, 1698244774169216000, 1698244774213011680, 1698244774171256640, 1715697730.251684724
1698244779971825361, 1698244779905088425, 1698244779969551000, 1698244779963510624, 1698244779979751744, 1715697730.272698621
1698244785409312487, 1698244785442651510, 1698244785469116000, 1698244785463808512, 1698244785385184576, 1715697730.295604506
1698244785742875338, 1698244785776214600, 1698244785770317000, 1698244785722643616, 1698244785771091264, 1715697730.301718570
1698244786445046186, 1698244786411547661, 1698244786470200000, 1698244786464118368, 1698244786372734880, 1715697730.307043642
1698244791381920576, 1698244791381903887, 1698244791369695000, 1698244791463902880, 1698244791372250464, 1715697730.326887280
1698244797917104721, 1698244797950435162, 1698244797970316000, 1698244797961781472, 1698244797978192128, 1715697730.368520171
1698244802118807793, 1698244802118790865, 1698244802168570000, 1698244802212223840, 1698244802169623296, 1715697730.402877800
1698244803187862635, 1698244803221202374, 1698244803169851000, 1698244803220565408, 1698244803171102016, 1715697730.410307577
1698244805422775984, 1698244805456114292, 1698244805469599000, 1698244805462594336, 1698244805383944416, 1715697730.420204250
1698244810793056011, 1698244810793039083, 1698244810769031000, 1698244810725368768, 1698244810772922560, 1715697730.441285589
1698244813961851597, 1698244813895116568, 1698244813967404000, 1698244813961052544, 1698244813977188032, 1715697730.453555527
1698244818398631096, 1698244818398613930, 1698244818368439000, 1698244818463788608, 1698244818371479872, 1715697730.469480471
1698244818732181787, 1698244818765520096, 1698244818768819000, 1698244818720049888, 1698244818784674080, 1715697730.473162128
1698244821000434637, 1698244821000417709, 1698244820968353000, 1698244820960476224, 1698244820976056832, 1715697730.482132769
1698244831807254791, 1698244831740529776, 1698244831768227000, 1698244831719638880, 1698244831783831264, 1715697730.524980392
1698244832474337816, 1698244832474320889, 1698244832468138000, 1698244832461177216, 1698244832383893344, 1715697730.529610190
1698244833741918325, 1698244833808621883, 1698244833768304000, 1698244833711189824, 1698244833775332960, 1715697730.534838161
1698244841380702496, 1698244841313975573, 1698244841367211000, 1698244841382941056, 1698244841384346240, 1715697730.561066392
1698244850153502703, 1698244850186842918, 1698244850167672000, 1698244850122513376, 1698244850170021056, 1715697730.599500889
1698244851521110773, 1698244851521093845, 1698244851567827000, 1698244851620623456, 1698244851575865600, 1715697730.606006425
1698244852421733379, 1698244852455076694, 1698244852467413000, 1698244852383260416, 1698244852383365120, 1715697730.611364945
1698244855390631437, 1698244855423969984, 1698244855467200000, 1698244855370408992, 1698244855370718112, 1715697730.623781652
1698244856324587822, 1698244856357926607, 1698244856367066000, 1698244856383180544, 1698244856383377824, 1715697730.628879621
1698244859593276739, 1698244859626614094, 1698244859666655000, 1698244859621501184, 1698244859573925728, 1715697730.641327195
1698244861928153038, 1698244861928135872, 1698244861966871000, 1698244861883142752, 1698244861978491456, 1715697730.651351645
1698244862561894178, 1698244862595231295, 1698244862566814000, 1698244862620244480, 1698244862575372864, 1715697730.655885234
1698244862895433426, 1698244862895416260, 1698244862967750000, 1698244862883217152, 1698244862978236992, 1715697730.658805557
1698244865597331762, 1698244865530601978, 1698244865566141000, 1698244865618991808, 1698244865574712384, 1715697730.672067550
1698244870534213543, 1698244870534196615, 1698244870567280000, 1698244870619857760, 1698244870573062336, 1715697730.689996924
1698244875270687580, 1698244875337380648, 1698244875366409000, 1698244875369667776, 1698244875369846272, 1715697730.708270199
1698244876571527004, 1698244876571510315, 1698244876566377000, 1698244876620115776, 1698244876577516672, 1715697730.715349901
1698244878206005335, 1698244878172632694, 1698244878166085000, 1698244878120198368, 1698244878167832288, 1715697730.722706429
1698244879573578835, 1698244879640272617, 1698244879665989000, 1698244879618765920, 1698244879574319744, 1715697730.729390262
1698244884577099323, 1698244884643794775, 1698244884565462000, 1698244884618776832, 1698244884573213920, 1715697730.749600664
1698244885544447899, 1698244885544430971, 1698244885565364000, 1698244885618813664, 1698244885573112352, 1715697730.754841091
1698244885878024817, 1698244885911365747, 1698244885965297000, 1698244885881778400, 1698244885977915904, 1715697730.758805029
1698244886578525543, 1698244886645222425, 1698244886665270000, 1698244886619677824, 1698244886576886464, 1715697730.763493882
1698244890147698402, 1698244890114326239, 1698244890163524000, 1698244890119395456, 1698244890166127168, 1715697730.785650763
1698244891448601007, 1698244891448584318, 1698244891366062000, 1698244891381304704, 1698244891382036448, 1715697730.792990893
1698244893185693264, 1698244893118882418, 1698244893165934000, 1698244893118534976, 1698244893166838112, 1715697730.804651779
1698244899188148975, 1698244899154783964, 1698244899166670000, 1698244899118003232, 1698244899166323552, 1715697730.826194095
1698244904923922062, 1698244904890558720, 1698244904966004000, 1698244904880341792, 1698244904976301632, 1715697730.967886585
1698244907158133507, 1698244907091425180, 1698244907164511000, 1698244907118737696, 1698244907166343072, 1715697730.990763092
1698244907524982214, 1698244907524965048, 1698244907567146000, 1698244907618737344, 1698244907571796256, 1715697730.997732669
1698244909293982267, 1698244909327322483, 1698244909365632000, 1698244909379824544, 1698244909379894816, 1715697731.005434778
1698244915398383617, 1698244915398366690, 1698244915365511000, 1698244915368973856, 1698244915369704000, 1715697731.060955379
1698244918367061138, 1698244918400399208, 1698244918464653000, 1698244918379693216, 1698244918379783584, 1715697731.072618131
1698244919634559631, 1698244919667898178, 1698244919664602000, 1698244919618021344, 1698244919572106784, 1715697731.089012982
1698244926172365665, 1698244926138990879, 1698244926165143000, 1698244926116723296, 1698244926164999328, 1715697731.130977168
1698244928407240629, 1698244928373861313, 1698244928363694000, 1698244928380266016, 1698244928380451936, 1715697731.141964371
1698244929474785566, 1698244929441413879, 1698244929463574000, 1698244929379388576, 1698244929380211008, 1715697731.146369857
1698244931409467459, 1698244931376093149, 1698244931364649000, 1698244931368614496, 1698244931368702944, 1715697731.157759418
1698244932410166264, 1698244932343440771, 1698244932364711000, 1698244932379361312, 1698244932379442912, 1715697731.167898528
1698244934411466599, 1698244934378093958, 1698244934365665000, 1698244934380338272, 1698244934380394240, 1715697731.177223260
1698244935445492744, 1698244935378764391, 1698244935464213000, 1698244935378956032, 1698244935379690720, 1715697731.181924084
1698244938113941669, 1698244938113924742, 1698244938163935000, 1698244938117422816, 1698244938165739328, 1715697731.202799739
1698244939414812326, 1698244939348084688, 1698244939363835000, 1698244939377176736, 1698244939377321920, 1715697731.208897432
1698244947386946678, 1698244947386929989, 1698244947463151000, 1698244947379384736, 1698244947379456864, 1715697731.239770322
1698244949321595430, 1698244949321578264, 1698244949362795000, 1698244949377998208, 1698244949378083424, 1715697731.248163432
1698244951289657831, 1698244951289640903, 1698244951363980000, 1698244951378176320, 1698244951378226880, 1715697731.256659865
1698244951589878321, 1698244951556503534, 1698244951564324000, 1698244951616406112, 1698244951570635424, 1715697731.259616212
1698244952623940229, 1698244952623923063, 1698244952663995000, 1698244952615864128, 1698244952569386816, 1715697731.265830135
1698244953591250658, 1698244953591233969, 1698244953563756000, 1698244953617148800, 1698244953574916224, 1715697731.271700443
1698244954625314951, 1698244954558583498, 1698244954563843000, 1698244954615773504, 1698244954570254944, 1715697731.276359721
1698244960395904303, 1698244960429242849, 1698244960463538000, 1698244960377978176, 1698244960378025408, 1715697731.317009759
1698244962363859653, 1698244962397196531, 1698244962362841000, 1698244962377641568, 1698244962377670880, 1715697731.328170677
1698244972170740604, 1698244972204079390, 1698244972163414000, 1698244972114589664, 1698244972163162336, 1715697731.363535216
1698244978174797773, 1698244978141423225, 1698244978162489000, 1698244978116380832, 1698244978163444992, 1715697731.386086999
1698244978474983215, 1698244978408260584, 1698244978462493000, 1698244978378414080, 1698244978378595200, 1715697731.388954538
1698244978775157452, 1698244978808492899, 1698244978862424000, 1698244978865133920, 1698244978775397952, 1715697731.393125050
1698244979142033577, 1698244979075312138, 1698244979162518000, 1698244979115798816, 1698244979163969984, 1715697731.396063378
1698244982577729702, 1698244982577712536, 1698244982562057000, 1698244982614902560, 1698244982568730304, 1715697731.413605598
1698244982877938271, 1698244982911277533, 1698244982962112000, 1698244982877045600, 1698244982972879168, 1715697731.417153648
1698244986580658913, 1698244986580641985, 1698244986661636000, 1698244986615144288, 1698244986568617856, 1715697731.431559390
1698244988148472309, 1698244988181813955, 1698244988161517000, 1698244988116539168, 1698244988163163008, 1715697731.439784687
1698244991117173910, 1698244991183869600, 1698244991161319000, 1698244991116267424, 1698244991164980416, 1715697731.450210120
1698244997288055897, 1698244997354748487, 1698244997361891000, 1698244997376307936, 1698244997376331904, 1715697731.533682656
1698245003125183344, 1698245003158520222, 1698245003161339000, 1698245003114650496, 1698245003162475040, 1715697731.569834027
1698245004159228086, 1698245004159211159, 1698245004161380000, 1698245004113723872, 1698245004161326368, 1715697731.587901498
1698245009362928867, 1698245009329555988, 1698245009364082000, 1698245009376582656, 1698245009377273120, 1715697731.660369244
1698245011964718819, 1698245011897985697, 1698245011961702000, 1698245011875519136, 1698245011971115200, 1715697731.775534738
1698245015300377607, 1698245015367071152, 1698245015360036000, 1698245015377591648, 1698245015377822656, 1715697731.878646582
1698245016601233721, 1698245016634572029, 1698245016561533000, 1698245016613662016, 1698245016568278784, 1715697731.908286750
1698245021571213722, 1698245021571196795, 1698245021560704000, 1698245021613853760, 1698245021567735808, 1715697732.085963430
1698245026141140461, 1698245026107765675, 1698245026160298000, 1698245026113510528, 1698245026161597184, 1715697732.229372402
1698245035282218933, 1698245035348886967, 1698245035360644000, 1698245035371125920, 1698245035371216000, 1715697732.673410916
1698245042551335812, 1698245042551318884, 1698245042559958000, 1698245042612957024, 1698245042570566944, 1715697732.752818488
1698245048389823675, 1698245048323090315, 1698245048359279000, 1698245048374973888, 1698245048375261888, 1715697732.835495292
1698245049390665293, 1698245049390648127, 1698245049460632000, 1698245049374470240, 1698245049374565408, 1715697732.850349985
1698245051392016888, 1698245051325290203, 1698245051359060000, 1698245051374552384, 1698245051374705536, 1715697732.869653643
1698245056195408821, 1698245056128673553, 1698245056158646000, 1698245056111692544, 1698245056159837152, 1715697733.004570754
1698245057196311951, 1698245057129565477, 1698245057158449000, 1698245057112425056, 1698245057160610240, 1715697733.016755613
1698245062566777706, 1698245062566760778, 1698245062559528000, 1698245062612576032, 1698245062564657760, 1715697733.057728276
1698245063567334652, 1698245063567317963, 1698245063659116000, 1698245063611912096, 1698245063566447680, 1715697733.073333711
1698245072339201689, 1698245072372538567, 1698245072358198000, 1698245072362225856, 1698245072362340224, 1715697733.319149288
1698245079310917377, 1698245079310900688, 1698245079357452000, 1698245079363228352, 1698245079363344064, 1715697733.628956655
1698245080078115225, 1698245080144810677, 1698245080157692000, 1698245080111249728, 1698245080159857664, 1715697733.674530796
1698245081946081400, 1698245081946064234, 1698245081957226000, 1698245081874157952, 1698245081970589312, 1715697733.754549534
1698245084447860479, 1698245084447843552, 1698245084356956000, 1698245084372741376, 1698245084372932832, 1715697733.908508639
1698245084814789295, 1698245084814772129, 1698245084858227000, 1698245084861449728, 1698245084770998816, 1715697733.927506119
1698245087917057037, 1698245087917040110, 1698245087958117000, 1698245087872484128, 1698245087968857984, 1715697734.048295252
1698245091552953959, 1698245091552937031, 1698245091557634000, 1698245091610541792, 1698245091564825984, 1715697734.210780222
1698245102560309649, 1698245102593649864, 1698245102658134000, 1698245102610473248, 1698245102563895328, 1715697734.759822686
1698245104428327560, 1698245104361595154, 1698245104358901000, 1698245104372475360, 1698245104372527648, 1715697734.775264454
1698245106896680355, 1698245106896663666, 1698245106957306000, 1698245106871892096, 1698245106968124192, 1715697734.784879817
1698245108397666454, 1698245108364295244, 1698245108357189000, 1698245108372181248, 1698245108372542400, 1715697734.845178635
1698245110899373055, 1698245110899355888, 1698245110956891000, 1698245110872235328, 1698245110967629600, 1715697734.995978594
1698245118138074160, 1698245118138057470, 1698245118156119000, 1698245118110139520, 1698245118157137696, 1715697735.050646995
1698245119572614193, 1698245119605953932, 1698245119554696000, 1698245119608994112, 1698245119563842720, 1715697735.056450578
1698245119906180382, 1698245119939519882, 1698245119954645000, 1698245119872116096, 1698245119966871968, 1715697735.060523639
1698245120640004873, 1698245120573281288, 1698245120554577000, 1698245120608885952, 1698245120564406784, 1715697735.064808889
1698245121373770237, 1698245121440458775, 1698245121355811000, 1698245121371546720, 1698245121371751360, 1715697735.069330165
1698245122140889406, 1698245122074167013, 1698245122155722000, 1698245122110454176, 1698245122157951264, 1715697735.073816643
1698245122441063166, 1698245122407693624, 1698245122457008000, 1698245122371485824, 1698245122371564064, 1715697735.076597384
1698245123174867392, 1698245123108141184, 1698245123157198000, 1698245123110173088, 1698245123158885408, 1715697735.080836080
1698245123942018986, 1698245123908647776, 1698245123955548000, 1698245123870019392, 1698245123965891744, 1715697735.086640648
1698245128411370516, 1698245128411353588, 1698245128356528000, 1698245128367879072, 1698245128368144992, 1715697735.103559355
1698245131913751364, 1698245131880379677, 1698245131957421000, 1698245131870832096, 1698245131966403808, 1715697735.117046754
1698245134351660252, 1698245134351643085, 1698245134357182000, 1698245134359733888, 1698245134359803168, 1715697735.127183454
1698245135619496584, 1698245135619479656, 1698245135557227000, 1698245135608903744, 1698245135562754240, 1715697735.133980268
1698245137420089483, 1698245137453415632, 1698245137455762000, 1698245137371506432, 1698245137371555328, 1715697735.144292829
1698245139454101324, 1698245139387396574, 1698245139455340000, 1698245139371503008, 1698245139371774528, 1715697735.154447238
1698245140621234894, 1698245140654564857, 1698245140656685000, 1698245140608917024, 1698245140562730880, 1715697735.159824901
1698245141388199091, 1698245141354836464, 1698245141356505000, 1698245141370941344, 1698245141371149888, 1715697735.165135263
